1	191499, 2379
2	353560, 2132
3	1059899, 1873
4	713695, 1554
5	67897, 1544
6	655904, 1485
7	221663, 1416
8	454937, 1365
9	81360, 1318
10	783997, 1309
11	514725, 1268
12	823766, 1252
13	889095, 1229
14	770668, 1189
15	671759, 1128
16	186456, 1072
17	315345, 1042
18	936203, 1041
19	729259, 1021
20	946001, 1015
21	28895, 976
22	181387, 970
23	89953, 956
24	926069, 941
25	107407, 928
26	944554, 908
27	1039919, 897
28	413046, 896
29	617878, 895
30	676215, 843
31	48664, 814
32	441588, 802
33	49881, 786
34	981145, 779
35	349999, 776
36	141675, 748
37	513855, 745
38	343432, 743
39	213297, 726
40	3001, 713
41	526229, 708
42	100215, 704
43	952198, 700
44	698879, 691
45	15173, 681
46	147751, 680
47	950987, 680
48	846908, 672
49	399879, 661
50	81901, 658
51	834362, 653
52	764906, 653
53	203050, 650
54	209821, 642
55	110347, 642
56	758374, 640
57	735931, 637
58	235204, 632
59	276750, 630
60	986262, 629
61	779070, 628
62	1075577, 617
63	722301, 612
64	678194, 609
65	796566, 602
66	318890, 602
67	386646, 599
68	554408, 597
69	886674, 593
70	605027, 591
71	15207, 588
72	992011, 588
73	939915, 587
74	472166, 586
75	772645, 586
76	487805, 577
77	717309, 573
78	201405, 571
79	825218, 570
80	918348, 569
81	784134, 569
82	419724, 556
83	335720, 544
84	893999, 540
85	855358, 537
86	82431, 537
87	1093758, 531
88	566407, 516
89	800025, 510
90	179830, 509
91	982357, 507
92	656693, 504
93	308579, 503
94	822352, 501
95	559647, 495
96	173776, 490
97	597305, 486
98	102025, 475
99	376482, 475
100	836076, 472
