1	4044, 7160
2	3491, 3571
3	1102, 3538
4	3828, 3370
5	4173, 3260
6	2385, 3160
7	3734, 3156
8	4976, 3006
9	798, 2902
10	1393, 2725
11	4282, 2704
12	3760, 2559
13	4760, 2552
14	1892, 2502
15	184, 2347
16	598, 2321
17	4644, 2289
18	1535, 2163
19	422, 2151
20	3698, 2096
21	375, 2054
22	4043, 2040
23	2537, 1901
24	2482, 1895
25	4659, 1822
26	2138, 1813
27	1760, 1809
28	606, 1775
29	4218, 1696
30	1257, 1639
31	4538, 1607
32	141, 1593
33	4918, 1562
34	2813, 1534
35	420, 1522
36	3826, 1515
37	962, 1471
38	2031, 1467
39	173, 1450
40	1816, 1439
41	2217, 1389
42	742, 1379
43	2403, 1369
44	2418, 1330
45	4845, 1327
46	2669, 1315
47	1056, 1311
48	66, 1310
49	2468, 1292
50	4648, 1229
51	4048, 1190
52	2223, 1188
53	4818, 1181
54	3022, 1169
55	361, 1158
56	2273, 1154
57	4798, 1148
58	2336, 1140
59	2545, 1135
60	1861, 1127
61	474, 1118
62	4847, 1109
63	1087, 1085
64	1346, 1080
65	2387, 1075
66	3971, 1056
67	3578, 1052
68	4605, 1044
69	4079, 1038
70	4127, 1023
71	2676, 1017
72	4871, 1014
73	1, 1003
74	1480, 1001
75	2206, 997
76	4257, 991
77	2823, 983
78	2193, 943
79	4160, 942
80	4129, 929
81	2954, 929
82	4766, 928
83	1727, 928
84	310, 919
85	1310, 900
86	3859, 899
87	1487, 896
88	2664, 892
89	2928, 852
90	2318, 851
91	4427, 842
92	2677, 829
93	3623, 829
94	786, 822
95	4287, 821
96	3159, 815
97	1340, 808
98	1890, 801
99	643, 799
100	3968, 790
